# Format: direction x y gfx
#
# Directions:
#   +Y
# -X   +X
#   -Y
# +Y = 0
# -X = 1
# -Y = 2
# +X = 3

# +Y
0 176 160 1
0 192 160 3
0 208 160 1
0 224 160 3

0 192 272 3
0 208 272 1

0 320 224 1
0 336 224 1

0 288 336 3
0 304 336 1
0 320 336 3
0 336 336 1

0 288 128 4
0 304 128 4
0 320 128 4
0 336 128 4
0 352 128 4
0 368 128 4

# -X
1 176 160 2
1 176 176 2
1 192 192 2
1 192 208 2

1 192 272 2
1 192 288 2
1 192 304 2
1 192 320 2

1 288 336 2
1 288 352 2

1 320 224 2
1 320 240 2
1 320 256 2
1 320 272 2

1 288 128 5
1 288 144 5

# -Y
2 176 191 2
2 192 223 2
2 208 223 2
2 224 191 2

2 192 335 2
2 208 335 2

2 288 367 2
2 304 367 2
2 320 367 2
2 336 367 2

2 320 287 2
2 336 287 2

2 288 159 5
2 304 159 5
2 320 159 5
2 336 159 5
2 352 159 5
2 368 159 5

# +X
3 239 160 1
3 239 176 3

3 223 192 3
3 223 208 3

3 223 272 3
3 223 288 3
3 223 304 3
3 223 320 3

3 351 336 3
3 351 352 3

3 351 224 3
3 351 240 3
3 351 256 3
3 351 272 3

3 383 128 5
3 383 144 5
